Monte Carlo Non Policy:
 Values:
 | 25 | 29 | 34 | 40 |
 | 21 | 25 | 21 | 15 |
 | 8 | 20 | 17 | 14 |
 | 10 | 7 | 13 | 12 |
 
 Rewards:
 | -1 | -1 | -1 | 40 |
 | -1 | -1 | -10 | -10 |
 | -1 | -1 | -1 | -1 |
 | 10 | -2 | -1 | -1 |
 
 Monte carlo Policy: 
 |→ |→ |→ |X |
 |↑ |↑ |↑ |↑ |
 |↑ |→ |→ |↑ |
 |X |→ |↑ |↑ |

Direction Order: ↑, ↓, ←, → 
[(0, 0): [0.025, 0.025, 0.025, 0.925]] [(1, 0): [0.025, 0.025, 0.025, 0.925]] [(2, 0): [0.025, 0.025, 0.025, 0.925]] [(3, 0): [0, 0, 0, 0]] 
[(0, 1): [0.925, 0.025, 0.025, 0.025]] [(1, 1): [0.925, 0.025, 0.025, 0.025]] [(2, 1): [0.925, 0.025, 0.025, 0.025]] [(3, 1): [0.925, 0.025, 0.025, 0.025]] 
[(0, 2): [0.925, 0.025, 0.025, 0.025]] [(1, 2): [0.025, 0.025, 0.025, 0.925]] [(2, 2): [0.025, 0.025, 0.025, 0.925]] [(3, 2): [0.925, 0.025, 0.025, 0.025]] 
[(0, 3): [0, 0, 0, 0]] [(1, 3): [0.025, 0.025, 0.025, 0.925]] [(2, 3): [0.925, 0.025, 0.025, 0.025]] [(3, 3): [0.925, 0.025, 0.025, 0.025]] 

 Sarsa: 
 |→ |→ |→ |X |
 |→ |↑ |↑ |↑ |
 |↑ |↑ |← |↑ |
 |X |↑ |→ |↑ |

Direction corresponding to each Q value: ↑, ↓, ←, →  
Q values: 
[(0, 0):  22.4,  17.3,  21.0,  29.5, ][(1, 0):  29.0,  24.8,  24.2,  34.2, ][(2, 0):  34.2,  20.0,  28.5,  40.0, ][(3, 0):  0,  0,  0,  0, ]
[(0, 1):  23.1,  15.3,  19.4,  25.1, ][(1, 1):  30.0,  20.5,  21.2,  20.7, ][(2, 1):  34.7,  15.3,  23.6,  19.3, ][(3, 1):  40.0,  19.0,  19.5,  24.2, ]
[(0, 2):  20.8,  10.0,  13.8,  15.5, ][(1, 2):  23.9,  16.0,  17.1,  16.2, ][(2, 2):  13.7,  10.8,  20.6,  15.2, ][(3, 2):  25.9,  15.2,  14.6,  17.6, ]
[(0, 3):  0,  0,  0,  0, ][(1, 3):  21.4,  14.9,  10.0,  10.0, ][(2, 3):  12.1,  10.3,  14.6,  17.7, ][(3, 3):  22.0,  10.7,  10.1,  14.2, ]

