
 Monte Carlo Non Policy:
 Values:
 | 36 | 37 | 39 | 40 |
 | 35 | 36 | 28 | 29 |
 | 33 | 35 | 34 | 32 |
 | 10 | 32 | 33 | 32 |
 
 Rewards:
 | -1 | -1 | -1 | 40 |
 | -1 | -1 | -10 | -10 |
 | -1 | -1 | -1 | -1 |
 | 10 | -2 | -1 | -1 |
 
 Monte carlo Policy: 
 |→ |→ |→ |X |
 |↑ |↑ |↑ |↑ |
 |→ |↑ |← |← |
 |X |↑ |↑ |← |

Direction Order: ↑, ↓, ←, → 
[(0, 0): [0.025, 0.025, 0.025, 0.925]] [(1, 0): [0.025, 0.025, 0.025, 0.925]] [(2, 0): [0.025, 0.025, 0.025, 0.925]] [(3, 0): [0, 0, 0, 0]] 
[(0, 1): [0.925, 0.025, 0.025, 0.025]] [(1, 1): [0.925, 0.025, 0.025, 0.025]] [(2, 1): [0.925, 0.025, 0.025, 0.025]] [(3, 1): [0.925, 0.025, 0.025, 0.025]] 
[(0, 2): [0.025, 0.025, 0.025, 0.925]] [(1, 2): [0.925, 0.025, 0.025, 0.025]] [(2, 2): [0.025, 0.025, 0.925, 0.025]] [(3, 2): [0.025, 0.025, 0.925, 0.025]] 
[(0, 3): [0, 0, 0, 0]] [(1, 3): [0.925, 0.025, 0.025, 0.025]] [(2, 3): [0.925, 0.025, 0.025, 0.025]] [(3, 3): [0.025, 0.025, 0.925, 0.025]] 

 Sarsa: 
 |→ |→ |→ |X |
 |→ |↑ |↑ |↑ |
 |→ |↑ |← |← |
 |X |↑ |↑ |← |

Direction corresponding to each Q value: ↑, ↓, ←, →  
Q values: 
[(0, 0):  28.6,  25.7,  30.5,  37.5, ][(1, 0):  37.0,  35.5,  35.6,  38.4, ][(2, 0):  38.7,  28.5,  37.0,  40.0, ][(3, 0):  0,  0,  0,  0, ]
[(0, 1):  28.6,  19.9,  25.9,  36.4, ][(1, 1):  37.0,  33.6,  33.2,  28.3, ][(2, 1):  38.2,  29.5,  34.6,  26.7, ][(3, 1):  40.0,  25.4,  23.4,  22.2, ]
[(0, 2):  26.4,  10.0,  25.6,  34.3, ][(1, 2):  35.7,  32.3,  31.5,  33.1, ][(2, 2):  28.1,  30.8,  34.6,  28.8, ][(3, 2):  24.7,  15.3,  33.4,  25.6, ]
[(0, 3):  0,  0,  0,  0, ][(1, 3):  35.1,  21.1,  10.0,  18.7, ][(2, 3):  33.4,  26.7,  27.4,  27.7, ][(3, 3):  25.4,  22.4,  32.1,  18.2, ]

